　　　　,　　,　　,　　,　　,　　,　　,　　,　　,　　,　　,　　,　　,　　
"F(층,호)"
"　　층
호",0,1,2,3,4,5,6,7,8,9,10,11,12,13,14,15,16,17
1,1,1,1,1,1,1,1,1,1,1,1,1
2,2,3,4
3,3,6,10
4,4,10,20
5,5,15,35
6,6,21,56
7,7,28,84
8,8,36,120
9,9,45,165
10,10,55,220
11,11,66,280
12,12,78,358
13,13,91,449
14,14,105,554
h,h,S(h)
