0	1	2	3	4	5	6	7	8	9	10	11	12	13	14
1	0	1	1	2	2	3	3	4	4	5	5	6	6	7
2	1	2	3	4	5	6	7	8	9	10	11	12	13	14
3	1	3	4	6	7	9	10	12	13	15	16	18	19	21
4	2	4	6	8	10	12	14	16	18	20	22	24	26	28
5	2	5	7	10	12	15	17	20	22	25	27	30	32	35
6	3	6	9	12	15	18	21	24	27	30	33	36	39	42
7	3	7	10	14	17	21	24	28	31	35	38	42	45	49
8	4	8	12	16	20	24	28	32	36	40	44	48	52	56
9	4	9	13	18	22	27	31	36	40	45	49	54	58	63
10	5	10	15	20	25	30	35	40	45	50	55	60	65	70
11	5	11	16	22	27	33	38	44	49	55	60	66	71	77
12	6	12	18	24	30	36	42	48	54	60	66	72	78	84
13	6	13	19	26	32	39	45	52	58	65	71	78	84	91
14	7	14	21	28	35	42	49	56	63	70	77	84	91	98
